[[1, 1, 32],
[2, 33, 60],
[3, 61, 88],
[4, 89, 116],
[5, 117, 144],
[6, 145, 172],
[7, 173, 200],
[8, 201, 228],
[9, 229, 256],
[10, 257, 284],
[11, 285, 312],
[12, 313, 340],
[13, 1, 32],
[14, 1, 32],
[15, 1, 32],
[16, 1, 32],
[17, 1, 32],
[18, 1, 32],
[19, 1, 32],
[20, 1, 32],
[21, 1, 32],
[22, 1, 32],
[23, 1, 32],
[24, 1, 32],
[25, 1, 32],
[26, 1, 32],
[27, 1, 32],
[28, 1, 32],
[29, 1, 32],
[30, 1, 32],
[31, 1, 32],
[32, 1, 32],
[33, 1, 32],
[34, 1, 32],
[35, 1, 32],
[36, 1, 32],
[37, 1, 32],
[38, 1, 32],
[39, 1, 32],
[40, 1, 32],
[41, 1, 32],
[42, 1, 32],
[43, 1, 32],
[44, 1, 32],
[45, 1, 32],
[46, 1, 32],
[47, 1, 32],
[48, 1, 32],
[49, 1, 32],
[50, 1, 32],
[51, 1, 32],
[52, 1, 32],
[53, 1, 32],
[54, 1, 32],
[55, 1, 32]]